0.000000 	 0.000000 	 0.000000 	
0.000000 	 0.052632 	 0.028558 	
0.000000 	 0.105263 	 0.079512 	
0.000000 	 0.157895 	 0.134952 	
0.000000 	 0.210526 	 0.190941 	
0.000000 	 0.263158 	 0.247005 	
0.000000 	 0.315789 	 0.303141 	
0.000000 	 0.368421 	 0.359343 	
0.000000 	 0.421053 	 0.415589 	
0.000000 	 0.473684 	 0.471861 	
0.000000 	 0.526316 	 0.528140 	
0.000000 	 0.578947 	 0.584411 	
0.000000 	 0.631579 	 0.640658 	
0.000000 	 0.684211 	 0.696859 	
0.000000 	 0.736842 	 0.752995 	
0.000000 	 0.789474 	 0.809060 	
0.000000 	 0.842105 	 0.865049 	
0.000000 	 0.894737 	 0.920488 	
0.000000 	 0.947368 	 0.971442 	
0.000000 	 1.000000 	 1.000000 	
0.102041 	 0.000000 	 0.000000 	
0.102041 	 0.052632 	 0.026228 	
0.102041 	 0.105263 	 0.076102 	
0.102041 	 0.157895 	 0.131893 	
0.102041 	 0.210526 	 0.188603 	
0.102041 	 0.263158 	 0.245310 	
0.102041 	 0.315789 	 0.301951 	
0.102041 	 0.368421 	 0.358553 	
0.102041 	 0.421053 	 0.415138 	
0.102041 	 0.473684 	 0.471714 	
0.102041 	 0.526316 	 0.528287 	
0.102041 	 0.578947 	 0.584863 	
0.102041 	 0.631579 	 0.641447 	
0.102041 	 0.684211 	 0.698050 	
0.102041 	 0.736842 	 0.754690 	
0.102041 	 0.789474 	 0.811398 	
0.102041 	 0.842105 	 0.868108 	
0.102041 	 0.894737 	 0.923898 	
0.102041 	 0.947368 	 0.973773 	
0.102041 	 1.000000 	 1.000000 	
0.204082 	 0.000000 	 0.000000 	
0.204082 	 0.052632 	 0.019235 	
0.204082 	 0.105263 	 0.065871 	
0.204082 	 0.157895 	 0.122715 	
0.204082 	 0.210526 	 0.181588 	
0.204082 	 0.263158 	 0.240226 	
0.204082 	 0.315789 	 0.298379 	
0.204082 	 0.368421 	 0.356185 	
0.204082 	 0.421053 	 0.413783 	
0.204082 	 0.473684 	 0.471273 	
0.204082 	 0.526316 	 0.528728 	
0.204082 	 0.578947 	 0.586217 	
0.204082 	 0.631579 	 0.643816 	
0.204082 	 0.684211 	 0.701622 	
0.204082 	 0.736842 	 0.759775 	
0.204082 	 0.789474 	 0.818413 	
0.204082 	 0.842105 	 0.877286 	
0.204082 	 0.894737 	 0.934129 	
0.204082 	 0.947368 	 0.980765 	
0.204082 	 1.000000 	 1.000000 	
0.306122 	 0.000000 	 0.000000 	
0.306122 	 0.052632 	 0.015518 	
0.306122 	 0.105263 	 0.057319 	
0.306122 	 0.157895 	 0.112931 	
0.306122 	 0.210526 	 0.173007 	
0.306122 	 0.263158 	 0.233525 	
0.306122 	 0.315789 	 0.293477 	
0.306122 	 0.368421 	 0.352860 	
0.306122 	 0.421053 	 0.411857 	
0.306122 	 0.473684 	 0.470642 	
0.306122 	 0.526316 	 0.529359 	
0.306122 	 0.578947 	 0.588144 	
0.306122 	 0.631579 	 0.647141 	
0.306122 	 0.684211 	 0.706524 	
0.306122 	 0.736842 	 0.766476 	
0.306122 	 0.789474 	 0.826994 	
0.306122 	 0.842105 	 0.887070 	
0.306122 	 0.894737 	 0.942682 	
0.306122 	 0.947368 	 0.984482 	
0.306122 	 1.000000 	 1.000000 	
0.408163 	 0.000000 	 0.000000 	
0.408163 	 0.052632 	 0.013634 	
0.408163 	 0.105263 	 0.051405 	
0.408163 	 0.157895 	 0.104681 	
0.408163 	 0.210526 	 0.164784 	
0.408163 	 0.263158 	 0.226592 	
0.408163 	 0.315789 	 0.288181 	
0.408163 	 0.368421 	 0.349178 	
0.408163 	 0.421053 	 0.409695 	
0.408163 	 0.473684 	 0.469930 	
0.408163 	 0.526316 	 0.530072 	
0.408163 	 0.578947 	 0.590307 	
0.408163 	 0.631579 	 0.650824 	
0.408163 	 0.684211 	 0.711821 	
0.408163 	 0.736842 	 0.773410 	
0.408163 	 0.789474 	 0.835217 	
0.408163 	 0.842105 	 0.895320 	
0.408163 	 0.894737 	 0.948596 	
0.408163 	 0.947368 	 0.986366 	
0.408163 	 1.000000 	 1.000000 	
0.510204 	 0.000000 	 0.000000 	
0.510204 	 0.052632 	 0.012496 	
0.510204 	 0.105263 	 0.047369 	
0.510204 	 0.157895 	 0.098236 	
0.510204 	 0.210526 	 0.157651 	
0.510204 	 0.263158 	 0.220144 	
0.510204 	 0.315789 	 0.283046 	
0.510204 	 0.368421 	 0.345526 	
0.510204 	 0.421053 	 0.407524 	
0.510204 	 0.473684 	 0.469211 	
0.510204 	 0.526316 	 0.530793 	
0.510204 	 0.578947 	 0.592479 	
0.510204 	 0.631579 	 0.654477 	
0.510204 	 0.684211 	 0.716957 	
0.510204 	 0.736842 	 0.779859 	
0.510204 	 0.789474 	 0.842351 	
0.510204 	 0.842105 	 0.901765 	
0.510204 	 0.894737 	 0.952632 	
0.510204 	 0.947368 	 0.987504 	
0.510204 	 1.000000 	 1.000000 	
0.612245 	 0.000000 	 0.000000 	
0.612245 	 0.052632 	 0.011717 	
0.612245 	 0.105263 	 0.044524 	
0.612245 	 0.157895 	 0.093297 	
0.612245 	 0.210526 	 0.151723 	
0.612245 	 0.263158 	 0.214449 	
0.612245 	 0.315789 	 0.278332 	
0.612245 	 0.368421 	 0.342097 	
0.612245 	 0.421053 	 0.405464 	
0.612245 	 0.473684 	 0.468525 	
0.612245 	 0.526316 	 0.531480 	
0.612245 	 0.578947 	 0.594541 	
0.612245 	 0.631579 	 0.657907 	
0.612245 	 0.684211 	 0.721672 	
0.612245 	 0.736842 	 0.785555 	
0.612245 	 0.789474 	 0.848280 	
0.612245 	 0.842105 	 0.906706 	
0.612245 	 0.894737 	 0.955477 	
0.612245 	 0.947368 	 0.988284 	
0.612245 	 1.000000 	 1.000000 	
0.714286 	 0.000000 	 0.000000 	
0.714286 	 0.052632 	 0.011152 	
0.714286 	 0.105263 	 0.042443 	
0.714286 	 0.157895 	 0.089493 	
0.714286 	 0.210526 	 0.146874 	
0.714286 	 0.263158 	 0.209544 	
0.714286 	 0.315789 	 0.274122 	
0.714286 	 0.368421 	 0.338968 	
0.714286 	 0.421053 	 0.403561 	
0.714286 	 0.473684 	 0.467889 	
0.714286 	 0.526316 	 0.532117 	
0.714286 	 0.578947 	 0.596446 	
0.714286 	 0.631579 	 0.661038 	
0.714286 	 0.684211 	 0.725884 	
0.714286 	 0.736842 	 0.790461 	
0.714286 	 0.789474 	 0.853130 	
0.714286 	 0.842105 	 0.910510 	
0.714286 	 0.894737 	 0.957559 	
0.714286 	 0.947368 	 0.988848 	
0.714286 	 1.000000 	 1.000000 	
0.816327 	 0.000000 	 0.000000 	
0.816327 	 0.052632 	 0.010728 	
0.816327 	 0.105263 	 0.040869 	
0.816327 	 0.157895 	 0.086521 	
0.816327 	 0.210526 	 0.142911 	
0.816327 	 0.263158 	 0.205360 	
0.816327 	 0.315789 	 0.270409 	
0.816327 	 0.368421 	 0.336148 	
0.816327 	 0.421053 	 0.401826 	
0.816327 	 0.473684 	 0.467307 	
0.816327 	 0.526316 	 0.532702 	
0.816327 	 0.578947 	 0.598183 	
0.816327 	 0.631579 	 0.663860 	
0.816327 	 0.684211 	 0.729599 	
0.816327 	 0.736842 	 0.794648 	
0.816327 	 0.789474 	 0.857095 	
0.816327 	 0.842105 	 0.913484 	
0.816327 	 0.894737 	 0.959134 	
0.816327 	 0.947368 	 0.989272 	
0.816327 	 1.000000 	 1.000000 	
0.918367 	 0.000000 	 0.000000 	
0.918367 	 0.052632 	 0.010399 	
0.918367 	 0.105263 	 0.039640 	
0.918367 	 0.157895 	 0.084151 	
0.918367 	 0.210526 	 0.139647 	
0.918367 	 0.263158 	 0.201792 	
0.918367 	 0.315789 	 0.267149 	
0.918367 	 0.368421 	 0.333620 	
0.918367 	 0.421053 	 0.400252 	
0.918367 	 0.473684 	 0.466776 	
0.918367 	 0.526316 	 0.533237 	
0.918367 	 0.578947 	 0.599761 	
0.918367 	 0.631579 	 0.666392 	
0.918367 	 0.684211 	 0.732863 	
0.918367 	 0.736842 	 0.798218 	
0.918367 	 0.789474 	 0.860361 	
0.918367 	 0.842105 	 0.915854 	
0.918367 	 0.894737 	 0.960364 	
0.918367 	 0.947368 	 0.989602 	
0.918367 	 1.000000 	 1.000000 	
1.020408 	 0.000000 	 0.000000 	
1.020408 	 0.052632 	 0.010135 	
1.020408 	 0.105263 	 0.038653 	
1.020408 	 0.157895 	 0.082224 	
1.020408 	 0.210526 	 0.136929 	
1.020408 	 0.263158 	 0.198736 	
1.020408 	 0.315789 	 0.264283 	
1.020408 	 0.368421 	 0.331354 	
1.020408 	 0.421053 	 0.398823 	
1.020408 	 0.473684 	 0.466291 	
1.020408 	 0.526316 	 0.533725 	
1.020408 	 0.578947 	 0.601193 	
1.020408 	 0.631579 	 0.668662 	
1.020408 	 0.684211 	 0.735732 	
1.020408 	 0.736842 	 0.801277 	
1.020408 	 0.789474 	 0.863082 	
1.020408 	 0.842105 	 0.917783 	
1.020408 	 0.894737 	 0.961351 	
1.020408 	 0.947368 	 0.989866 	
1.020408 	 1.000000 	 1.000000 	
1.122449 	 0.000000 	 0.000000 	
1.122449 	 0.052632 	 0.009918 	
1.122449 	 0.105263 	 0.037841 	
1.122449 	 0.157895 	 0.080625 	
1.122449 	 0.210526 	 0.134634 	
1.122449 	 0.263158 	 0.196099 	
1.122449 	 0.315789 	 0.261756 	
1.122449 	 0.368421 	 0.329319 	
1.122449 	 0.421053 	 0.397524 	
1.122449 	 0.473684 	 0.465849 	
1.122449 	 0.526316 	 0.534173 	
1.122449 	 0.578947 	 0.602497 	
1.122449 	 0.631579 	 0.670701 	
1.122449 	 0.684211 	 0.738264 	
1.122449 	 0.736842 	 0.803918 	
1.122449 	 0.789474 	 0.865380 	
1.122449 	 0.842105 	 0.919385 	
1.122449 	 0.894737 	 0.962164 	
1.122449 	 0.947368 	 0.990084 	
1.122449 	 1.000000 	 1.000000 	
1.224490 	 0.000000 	 0.000000 	
1.224490 	 0.052632 	 0.009734 	
1.224490 	 0.105263 	 0.037158 	
1.224490 	 0.157895 	 0.079274 	
1.224490 	 0.210526 	 0.132672 	
1.224490 	 0.263158 	 0.193804 	
1.224490 	 0.315789 	 0.259515 	
1.224490 	 0.368421 	 0.327487 	
1.224490 	 0.421053 	 0.396342 	
1.224490 	 0.473684 	 0.465444 	
1.224490 	 0.526316 	 0.534584 	
1.224490 	 0.578947 	 0.603686 	
1.224490 	 0.631579 	 0.672540 	
1.224490 	 0.684211 	 0.740510 	
1.224490 	 0.736842 	 0.806218 	
1.224490 	 0.789474 	 0.867346 	
1.224490 	 0.842105 	 0.920738 	
1.224490 	 0.894737 	 0.962848 	
1.224490 	 0.947368 	 0.990268 	
1.224490 	 1.000000 	 1.000000 	
1.326531 	 0.000000 	 0.000000 	
1.326531 	 0.052632 	 0.009577 	
1.326531 	 0.105263 	 0.036574 	
1.326531 	 0.157895 	 0.078115 	
1.326531 	 0.210526 	 0.130974 	
1.326531 	 0.263158 	 0.191791 	
1.326531 	 0.315789 	 0.257519 	
1.326531 	 0.368421 	 0.325831 	
1.326531 	 0.421053 	 0.395263 	
1.326531 	 0.473684 	 0.465074 	
1.326531 	 0.526316 	 0.534963 	
1.326531 	 0.578947 	 0.604773 	
1.326531 	 0.631579 	 0.674204 	
1.326531 	 0.684211 	 0.742513 	
1.326531 	 0.736842 	 0.808237 	
1.326531 	 0.789474 	 0.869049 	
1.326531 	 0.842105 	 0.921901 	
1.326531 	 0.894737 	 0.963434 	
1.326531 	 0.947368 	 0.990426 	
1.326531 	 1.000000 	 1.000000 	
1.428571 	 0.000000 	 0.000000 	
1.428571 	 0.052632 	 0.009439 	
1.428571 	 0.105263 	 0.036066 	
1.428571 	 0.157895 	 0.077107 	
1.428571 	 0.210526 	 0.129488 	
1.428571 	 0.263158 	 0.190011 	
1.428571 	 0.315789 	 0.255732 	
1.428571 	 0.368421 	 0.324331 	
1.428571 	 0.421053 	 0.394277 	
1.428571 	 0.473684 	 0.464734 	
1.428571 	 0.526316 	 0.535312 	
1.428571 	 0.578947 	 0.605769 	
1.428571 	 0.631579 	 0.675713 	
1.428571 	 0.684211 	 0.744309 	
1.428571 	 0.736842 	 0.810025 	
1.428571 	 0.789474 	 0.870541 	
1.428571 	 0.842105 	 0.922913 	
1.428571 	 0.894737 	 0.963944 	
1.428571 	 0.947368 	 0.990563 	
1.428571 	 1.000000 	 1.000000 	
1.530612 	 0.000000 	 0.000000 	
1.530612 	 0.052632 	 0.009318 	
1.530612 	 0.105263 	 0.035621 	
1.530612 	 0.157895 	 0.076221 	
1.530612 	 0.210526 	 0.128176 	
1.530612 	 0.263158 	 0.188427 	
1.530612 	 0.315789 	 0.254125 	
1.530612 	 0.368421 	 0.322968 	
1.530612 	 0.421053 	 0.393374 	
1.530612 	 0.473684 	 0.464423 	
1.530612 	 0.526316 	 0.535636 	
1.530612 	 0.578947 	 0.606684 	
1.530612 	 0.631579 	 0.677088 	
1.530612 	 0.684211 	 0.745927 	
1.530612 	 0.736842 	 0.811618 	
1.530612 	 0.789474 	 0.871860 	
1.530612 	 0.842105 	 0.923803 	
1.530612 	 0.894737 	 0.964392 	
1.530612 	 0.947368 	 0.990685 	
1.530612 	 1.000000 	 1.000000 	
1.632653 	 0.000000 	 0.000000 	
1.632653 	 0.052632 	 0.009211 	
1.632653 	 0.105263 	 0.035225 	
1.632653 	 0.157895 	 0.075436 	
1.632653 	 0.210526 	 0.127009 	
1.632653 	 0.263158 	 0.187009 	
1.632653 	 0.315789 	 0.252675 	
1.632653 	 0.368421 	 0.321728 	
1.632653 	 0.421053 	 0.392547 	
1.632653 	 0.473684 	 0.464138 	
1.632653 	 0.526316 	 0.535936 	
1.632653 	 0.578947 	 0.607526 	
1.632653 	 0.631579 	 0.678342 	
1.632653 	 0.684211 	 0.747390 	
1.632653 	 0.736842 	 0.813047 	
1.632653 	 0.789474 	 0.873035 	
1.632653 	 0.842105 	 0.924594 	
1.632653 	 0.894737 	 0.964790 	
1.632653 	 0.947368 	 0.990793 	
1.632653 	 1.000000 	 1.000000 	
1.734694 	 0.000000 	 0.000000 	
1.734694 	 0.052632 	 0.009114 	
1.734694 	 0.105263 	 0.034871 	
1.734694 	 0.157895 	 0.074734 	
1.734694 	 0.210526 	 0.125965 	
1.734694 	 0.263158 	 0.185733 	
1.734694 	 0.315789 	 0.251361 	
1.734694 	 0.368421 	 0.320597 	
1.734694 	 0.421053 	 0.391790 	
1.734694 	 0.473684 	 0.463878 	
1.734694 	 0.526316 	 0.536215 	
1.734694 	 0.578947 	 0.608302 	
1.734694 	 0.631579 	 0.679490 	
1.734694 	 0.684211 	 0.748719 	
1.734694 	 0.736842 	 0.814336 	
1.734694 	 0.789474 	 0.874089 	
1.734694 	 0.842105 	 0.925302 	
1.734694 	 0.894737 	 0.965147 	
1.734694 	 0.947368 	 0.990891 	
1.734694 	 1.000000 	 1.000000 	
1.836735 	 0.000000 	 0.000000 	
1.836735 	 0.052632 	 0.009027 	
1.836735 	 0.105263 	 0.034554 	
1.836735 	 0.157895 	 0.074104 	
1.836735 	 0.210526 	 0.125025 	
1.836735 	 0.263158 	 0.184581 	
1.836735 	 0.315789 	 0.250169 	
1.836735 	 0.368421 	 0.319564 	
1.836735 	 0.421053 	 0.391095 	
1.836735 	 0.473684 	 0.463640 	
1.836735 	 0.526316 	 0.536475 	
1.836735 	 0.578947 	 0.609018 	
1.836735 	 0.631579 	 0.680543 	
1.836735 	 0.684211 	 0.749929 	
1.836735 	 0.736842 	 0.815503 	
1.836735 	 0.789474 	 0.875040 	
1.836735 	 0.842105 	 0.925940 	
1.836735 	 0.894737 	 0.965468 	
1.836735 	 0.947368 	 0.990979 	
1.836735 	 1.000000 	 1.000000 	
1.938776 	 0.000000 	 0.000000 	
1.938776 	 0.052632 	 0.008949 	
1.938776 	 0.105263 	 0.034267 	
1.938776 	 0.157895 	 0.073535 	
1.938776 	 0.210526 	 0.124176 	
1.938776 	 0.263158 	 0.183538 	
1.938776 	 0.315789 	 0.249083 	
1.938776 	 0.368421 	 0.318621 	
1.938776 	 0.421053 	 0.390459 	
1.938776 	 0.473684 	 0.463424 	
1.938776 	 0.526316 	 0.536717 	
1.938776 	 0.578947 	 0.609679 	
1.938776 	 0.631579 	 0.681510 	
1.938776 	 0.684211 	 0.751035 	
1.938776 	 0.736842 	 0.816564 	
1.938776 	 0.789474 	 0.875902 	
1.938776 	 0.842105 	 0.926517 	
1.938776 	 0.894737 	 0.965759 	
1.938776 	 0.947368 	 0.991058 	
1.938776 	 1.000000 	 1.000000 	
2.040816 	 0.000000 	 0.000000 	
2.040816 	 0.052632 	 0.008877 	
2.040816 	 0.105263 	 0.034007 	
2.040816 	 0.157895 	 0.073020 	
2.040816 	 0.210526 	 0.123406 	
2.040816 	 0.263158 	 0.182589 	
2.040816 	 0.315789 	 0.248094 	
2.040816 	 0.368421 	 0.317758 	
2.040816 	 0.421053 	 0.389876 	
2.040816 	 0.473684 	 0.463227 	
2.040816 	 0.526316 	 0.536944 	
2.040816 	 0.578947 	 0.610291 	
2.040816 	 0.631579 	 0.682400 	
2.040816 	 0.684211 	 0.752048 	
2.040816 	 0.736842 	 0.817531 	
2.040816 	 0.789474 	 0.876686 	
2.040816 	 0.842105 	 0.927041 	
2.040816 	 0.894737 	 0.966024 	
2.040816 	 0.947368 	 0.991131 	
2.040816 	 1.000000 	 1.000000 	
2.142857 	 0.000000 	 0.000000 	
2.142857 	 0.052632 	 0.008812 	
2.142857 	 0.105263 	 0.033770 	
2.142857 	 0.157895 	 0.072551 	
2.142857 	 0.210526 	 0.122707 	
2.142857 	 0.263158 	 0.181726 	
2.142857 	 0.315789 	 0.247191 	
2.142857 	 0.368421 	 0.316968 	
2.142857 	 0.421053 	 0.389342 	
2.142857 	 0.473684 	 0.463049 	
2.142857 	 0.526316 	 0.537156 	
2.142857 	 0.578947 	 0.610858 	
2.142857 	 0.631579 	 0.683221 	
2.142857 	 0.684211 	 0.752978 	
2.142857 	 0.736842 	 0.818417 	
2.142857 	 0.789474 	 0.877402 	
2.142857 	 0.842105 	 0.927520 	
2.142857 	 0.894737 	 0.966266 	
2.142857 	 0.947368 	 0.991197 	
2.142857 	 1.000000 	 1.000000 	
2.244898 	 0.000000 	 0.000000 	
2.244898 	 0.052632 	 0.008753 	
2.244898 	 0.105263 	 0.033554 	
2.244898 	 0.157895 	 0.072125 	
2.244898 	 0.210526 	 0.122070 	
2.244898 	 0.263158 	 0.180938 	
2.244898 	 0.315789 	 0.246366 	
2.244898 	 0.368421 	 0.316245 	
2.244898 	 0.421053 	 0.388854 	
2.244898 	 0.473684 	 0.462888 	
2.244898 	 0.526316 	 0.537356 	
2.244898 	 0.578947 	 0.611383 	
2.244898 	 0.631579 	 0.683978 	
2.244898 	 0.684211 	 0.753834 	
2.244898 	 0.736842 	 0.819229 	
2.244898 	 0.789474 	 0.878058 	
2.244898 	 0.842105 	 0.927958 	
2.244898 	 0.894737 	 0.966487 	
2.244898 	 0.947368 	 0.991258 	
2.244898 	 1.000000 	 1.000000 	
2.346939 	 0.000000 	 0.000000 	
2.346939 	 0.052632 	 0.008699 	
2.346939 	 0.105263 	 0.033358 	
2.346939 	 0.157895 	 0.071736 	
2.346939 	 0.210526 	 0.121488 	
2.346939 	 0.263158 	 0.180219 	
2.346939 	 0.315789 	 0.245612 	
2.346939 	 0.368421 	 0.315583 	
2.346939 	 0.421053 	 0.388407 	
2.346939 	 0.473684 	 0.462743 	
2.346939 	 0.526316 	 0.537544 	
2.346939 	 0.578947 	 0.611872 	
2.346939 	 0.631579 	 0.684679 	
2.346939 	 0.684211 	 0.754622 	
2.346939 	 0.736842 	 0.819976 	
2.346939 	 0.789474 	 0.878660 	
2.346939 	 0.842105 	 0.928360 	
2.346939 	 0.894737 	 0.966690 	
2.346939 	 0.947368 	 0.991314 	
2.346939 	 1.000000 	 1.000000 	
2.448980 	 0.000000 	 0.000000 	
2.448980 	 0.052632 	 0.008649 	
2.448980 	 0.105263 	 0.033178 	
2.448980 	 0.157895 	 0.071381 	
2.448980 	 0.210526 	 0.120957 	
2.448980 	 0.263158 	 0.179563 	
2.448980 	 0.315789 	 0.244923 	
2.448980 	 0.368421 	 0.314978 	
2.448980 	 0.421053 	 0.388000 	
2.448980 	 0.473684 	 0.462614 	
2.448980 	 0.526316 	 0.537722 	
2.448980 	 0.578947 	 0.612327 	
2.448980 	 0.631579 	 0.685327 	
2.448980 	 0.684211 	 0.755350 	
2.448980 	 0.736842 	 0.820664 	
2.448980 	 0.789474 	 0.879214 	
2.448980 	 0.842105 	 0.928730 	
2.448980 	 0.894737 	 0.966877 	
2.448980 	 0.947368 	 0.991366 	
2.448980 	 1.000000 	 1.000000 	
2.551020 	 0.000000 	 0.000000 	
2.551020 	 0.052632 	 0.008603 	
2.551020 	 0.105263 	 0.033013 	
2.551020 	 0.157895 	 0.071056 	
2.551020 	 0.210526 	 0.120472 	
2.551020 	 0.263158 	 0.178962 	
2.551020 	 0.315789 	 0.244292 	
2.551020 	 0.368421 	 0.314425 	
2.551020 	 0.421053 	 0.387628 	
2.551020 	 0.473684 	 0.462500 	
2.551020 	 0.526316 	 0.537891 	
2.551020 	 0.578947 	 0.612751 	
2.551020 	 0.631579 	 0.685929 	
2.551020 	 0.684211 	 0.756023 	
2.551020 	 0.736842 	 0.821300 	
2.551020 	 0.789474 	 0.879725 	
2.551020 	 0.842105 	 0.929072 	
2.551020 	 0.894737 	 0.967050 	
2.551020 	 0.947368 	 0.991413 	
2.551020 	 1.000000 	 1.000000 	
2.653061 	 0.000000 	 0.000000 	
2.653061 	 0.052632 	 0.008561 	
2.653061 	 0.105263 	 0.032862 	
2.653061 	 0.157895 	 0.070759 	
2.653061 	 0.210526 	 0.120028 	
2.653061 	 0.263158 	 0.178413 	
2.653061 	 0.315789 	 0.243716 	
2.653061 	 0.368421 	 0.313920 	
2.653061 	 0.421053 	 0.387291 	
2.653061 	 0.473684 	 0.462399 	
2.653061 	 0.526316 	 0.538053 	
2.653061 	 0.578947 	 0.613147 	
2.653061 	 0.631579 	 0.686489 	
2.653061 	 0.684211 	 0.756648 	
2.653061 	 0.736842 	 0.821888 	
2.653061 	 0.789474 	 0.880198 	
2.653061 	 0.842105 	 0.929387 	
2.653061 	 0.894737 	 0.967209 	
2.653061 	 0.947368 	 0.991457 	
2.653061 	 1.000000 	 1.000000 	
2.755102 	 0.000000 	 0.000000 	
2.755102 	 0.052632 	 0.008523 	
2.755102 	 0.105263 	 0.032724 	
2.755102 	 0.157895 	 0.070486 	
2.755102 	 0.210526 	 0.119623 	
2.755102 	 0.263158 	 0.177912 	
2.755102 	 0.315789 	 0.243189 	
2.755102 	 0.368421 	 0.313459 	
2.755102 	 0.421053 	 0.386985 	
2.755102 	 0.473684 	 0.462313 	
2.755102 	 0.526316 	 0.538208 	
2.755102 	 0.578947 	 0.613519 	
2.755102 	 0.631579 	 0.687010 	
2.755102 	 0.684211 	 0.757227 	
2.755102 	 0.736842 	 0.822433 	
2.755102 	 0.789474 	 0.880635 	
2.755102 	 0.842105 	 0.929679 	
2.755102 	 0.894737 	 0.967357 	
2.755102 	 0.947368 	 0.991498 	
2.755102 	 1.000000 	 1.000000 	
2.857143 	 0.000000 	 0.000000 	
2.857143 	 0.052632 	 0.008488 	
2.857143 	 0.105263 	 0.032597 	
2.857143 	 0.157895 	 0.070237 	
2.857143 	 0.210526 	 0.119251 	
2.857143 	 0.263158 	 0.177453 	
2.857143 	 0.315789 	 0.242709 	
2.857143 	 0.368421 	 0.313040 	
2.857143 	 0.421053 	 0.386709 	
2.857143 	 0.473684 	 0.462239 	
2.857143 	 0.526316 	 0.538357 	
2.857143 	 0.578947 	 0.613868 	
2.857143 	 0.631579 	 0.687497 	
2.857143 	 0.684211 	 0.757767 	
2.857143 	 0.736842 	 0.822939 	
2.857143 	 0.789474 	 0.881041 	
2.857143 	 0.842105 	 0.929949 	
2.857143 	 0.894737 	 0.967494 	
2.857143 	 0.947368 	 0.991536 	
2.857143 	 1.000000 	 1.000000 	
2.959184 	 0.000000 	 0.000000 	
2.959184 	 0.052632 	 0.008455 	
2.959184 	 0.105263 	 0.032481 	
2.959184 	 0.157895 	 0.070009 	
2.959184 	 0.210526 	 0.118912 	
2.959184 	 0.263158 	 0.177034 	
2.959184 	 0.315789 	 0.242270 	
2.959184 	 0.368421 	 0.312659 	
2.959184 	 0.421053 	 0.386460 	
2.959184 	 0.473684 	 0.462177 	
2.959184 	 0.526316 	 0.538502 	
2.959184 	 0.578947 	 0.614196 	
2.959184 	 0.631579 	 0.687951 	
2.959184 	 0.684211 	 0.758268 	
2.959184 	 0.736842 	 0.823409 	
2.959184 	 0.789474 	 0.881417 	
2.959184 	 0.842105 	 0.930200 	
2.959184 	 0.894737 	 0.967621 	
2.959184 	 0.947368 	 0.991571 	
2.959184 	 1.000000 	 1.000000 	
3.061225 	 0.000000 	 0.000000 	
3.061225 	 0.052632 	 0.008426 	
3.061225 	 0.105263 	 0.032374 	
3.061225 	 0.157895 	 0.069800 	
3.061225 	 0.210526 	 0.118601 	
3.061225 	 0.263158 	 0.176651 	
3.061225 	 0.315789 	 0.241871 	
3.061225 	 0.368421 	 0.312313 	
3.061225 	 0.421053 	 0.386237 	
3.061225 	 0.473684 	 0.462127 	
3.061225 	 0.526316 	 0.538642 	
3.061225 	 0.578947 	 0.614506 	
3.061225 	 0.631579 	 0.688376 	
3.061225 	 0.684211 	 0.758736 	
3.061225 	 0.736842 	 0.823846 	
3.061225 	 0.789474 	 0.881767 	
3.061225 	 0.842105 	 0.930433 	
3.061225 	 0.894737 	 0.967739 	
3.061225 	 0.947368 	 0.991603 	
3.061225 	 1.000000 	 1.000000 	
3.163265 	 0.000000 	 0.000000 	
3.163265 	 0.052632 	 0.008398 	
3.163265 	 0.105263 	 0.032276 	
3.163265 	 0.157895 	 0.069608 	
3.163265 	 0.210526 	 0.118316 	
3.163265 	 0.263158 	 0.176301 	
3.163265 	 0.315789 	 0.241506 	
3.163265 	 0.368421 	 0.311999 	
3.163265 	 0.421053 	 0.386038 	
3.163265 	 0.473684 	 0.462088 	
3.163265 	 0.526316 	 0.538778 	
3.163265 	 0.578947 	 0.614797 	
3.163265 	 0.631579 	 0.688774 	
3.163265 	 0.684211 	 0.759172 	
3.163265 	 0.736842 	 0.824252 	
3.163265 	 0.789474 	 0.882091 	
3.163265 	 0.842105 	 0.930649 	
3.163265 	 0.894737 	 0.967848 	
3.163265 	 0.947368 	 0.991633 	
3.163265 	 1.000000 	 1.000000 	
3.265306 	 0.000000 	 0.000000 	
3.265306 	 0.052632 	 0.008373 	
3.265306 	 0.105263 	 0.032186 	
3.265306 	 0.157895 	 0.069432 	
3.265306 	 0.210526 	 0.118055 	
3.265306 	 0.263158 	 0.175981 	
3.265306 	 0.315789 	 0.241174 	
3.265306 	 0.368421 	 0.311714 	
3.265306 	 0.421053 	 0.385859 	
3.265306 	 0.473684 	 0.462057 	
3.265306 	 0.526316 	 0.538909 	
3.265306 	 0.578947 	 0.615072 	
3.265306 	 0.631579 	 0.689145 	
3.265306 	 0.684211 	 0.759577 	
3.265306 	 0.736842 	 0.824629 	
3.265306 	 0.789474 	 0.882392 	
3.265306 	 0.842105 	 0.930849 	
3.265306 	 0.894737 	 0.967949 	
3.265306 	 0.947368 	 0.991661 	
3.265306 	 1.000000 	 1.000000 	
3.367347 	 0.000000 	 0.000000 	
3.367347 	 0.052632 	 0.008350 	
3.367347 	 0.105263 	 0.032103 	
3.367347 	 0.157895 	 0.069270 	
3.367347 	 0.210526 	 0.117816 	
3.367347 	 0.263158 	 0.175688 	
3.367347 	 0.315789 	 0.240871 	
3.367347 	 0.368421 	 0.311456 	
3.367347 	 0.421053 	 0.385698 	
3.367347 	 0.473684 	 0.462034 	
3.367347 	 0.526316 	 0.539035 	
3.367347 	 0.578947 	 0.615330 	
3.367347 	 0.631579 	 0.689491 	
3.367347 	 0.684211 	 0.759954 	
3.367347 	 0.736842 	 0.824979 	
3.367347 	 0.789474 	 0.882670 	
3.367347 	 0.842105 	 0.931034 	
3.367347 	 0.894737 	 0.968042 	
3.367347 	 0.947368 	 0.991687 	
3.367347 	 1.000000 	 1.000000 	
3.469388 	 0.000000 	 0.000000 	
3.469388 	 0.052632 	 0.008328 	
3.469388 	 0.105263 	 0.032027 	
3.469388 	 0.157895 	 0.069122 	
3.469388 	 0.210526 	 0.117597 	
3.469388 	 0.263158 	 0.175420 	
3.469388 	 0.315789 	 0.240594 	
3.469388 	 0.368421 	 0.311220 	
3.469388 	 0.421053 	 0.385554 	
3.469388 	 0.473684 	 0.462016 	
3.469388 	 0.526316 	 0.539155 	
3.469388 	 0.578947 	 0.615571 	
3.469388 	 0.631579 	 0.689813 	
3.469388 	 0.684211 	 0.760302 	
3.469388 	 0.736842 	 0.825302 	
3.469388 	 0.789474 	 0.882927 	
3.469388 	 0.842105 	 0.931205 	
3.469388 	 0.894737 	 0.968129 	
3.469388 	 0.947368 	 0.991711 	
3.469388 	 1.000000 	 1.000000 	
3.571429 	 0.000000 	 0.000000 	
3.571429 	 0.052632 	 0.008309 	
3.571429 	 0.105263 	 0.031957 	
3.571429 	 0.157895 	 0.068985 	
3.571429 	 0.210526 	 0.117396 	
3.571429 	 0.263158 	 0.175175 	
3.571429 	 0.315789 	 0.240340 	
3.571429 	 0.368421 	 0.311005 	
3.571429 	 0.421053 	 0.385423 	
3.571429 	 0.473684 	 0.462002 	
3.571429 	 0.526316 	 0.539268 	
3.571429 	 0.578947 	 0.615794 	
3.571429 	 0.631579 	 0.690109 	
3.571429 	 0.684211 	 0.760624 	
3.571429 	 0.736842 	 0.825599 	
3.571429 	 0.789474 	 0.883163 	
3.571429 	 0.842105 	 0.931362 	
3.571429 	 0.894737 	 0.968208 	
3.571429 	 0.947368 	 0.991734 	
3.571429 	 1.000000 	 1.000000 	
3.673470 	 0.000000 	 0.000000 	
3.673470 	 0.052632 	 0.008291 	
3.673470 	 0.105263 	 0.031892 	
3.673470 	 0.157895 	 0.068861 	
3.673470 	 0.210526 	 0.117212 	
3.673470 	 0.263158 	 0.174950 	
3.673470 	 0.315789 	 0.240108 	
3.673470 	 0.368421 	 0.310809 	
3.673470 	 0.421053 	 0.385304 	
3.673470 	 0.473684 	 0.461989 	
3.673470 	 0.526316 	 0.539371 	
3.673470 	 0.578947 	 0.616000 	
3.673470 	 0.631579 	 0.690382 	
3.673470 	 0.684211 	 0.760918 	
3.673470 	 0.736842 	 0.825871 	
3.673470 	 0.789474 	 0.883380 	
3.673470 	 0.842105 	 0.931505 	
3.673470 	 0.894737 	 0.968281 	
3.673470 	 0.947368 	 0.991754 	
3.673470 	 1.000000 	 1.000000 	
3.775510 	 0.000000 	 0.000000 	
3.775510 	 0.052632 	 0.008274 	
3.775510 	 0.105263 	 0.031834 	
3.775510 	 0.157895 	 0.068747 	
3.775510 	 0.210526 	 0.117044 	
3.775510 	 0.263158 	 0.174744 	
3.775510 	 0.315789 	 0.239896 	
3.775510 	 0.368421 	 0.310629 	
3.775510 	 0.421053 	 0.385194 	
3.775510 	 0.473684 	 0.461977 	
3.775510 	 0.526316 	 0.539465 	
3.775510 	 0.578947 	 0.616186 	
3.775510 	 0.631579 	 0.690630 	
3.775510 	 0.684211 	 0.761186 	
3.775510 	 0.736842 	 0.826118 	
3.775510 	 0.789474 	 0.883576 	
3.775510 	 0.842105 	 0.931636 	
3.775510 	 0.894737 	 0.968348 	
3.775510 	 0.947368 	 0.991772 	
3.775510 	 1.000000 	 1.000000 	
3.877551 	 0.000000 	 0.000000 	
3.877551 	 0.052632 	 0.008259 	
3.877551 	 0.105263 	 0.031781 	
3.877551 	 0.157895 	 0.068644 	
3.877551 	 0.210526 	 0.116892 	
3.877551 	 0.263158 	 0.174558 	
3.877551 	 0.315789 	 0.239703 	
3.877551 	 0.368421 	 0.310464 	
3.877551 	 0.421053 	 0.385093 	
3.877551 	 0.473684 	 0.461965 	
3.877551 	 0.526316 	 0.539549 	
3.877551 	 0.578947 	 0.616354 	
3.877551 	 0.631579 	 0.690853 	
3.877551 	 0.684211 	 0.761427 	
3.877551 	 0.736842 	 0.826341 	
3.877551 	 0.789474 	 0.883753 	
3.877551 	 0.842105 	 0.931753 	
3.877551 	 0.894737 	 0.968407 	
3.877551 	 0.947368 	 0.991789 	
3.877551 	 1.000000 	 1.000000 	
3.979592 	 0.000000 	 0.000000 	
3.979592 	 0.052632 	 0.008246 	
3.979592 	 0.105263 	 0.031733 	
3.979592 	 0.157895 	 0.068552 	
3.979592 	 0.210526 	 0.116755 	
3.979592 	 0.263158 	 0.174389 	
3.979592 	 0.315789 	 0.239527 	
3.979592 	 0.368421 	 0.310314 	
3.979592 	 0.421053 	 0.385000 	
3.979592 	 0.473684 	 0.461951 	
3.979592 	 0.526316 	 0.539622 	
3.979592 	 0.578947 	 0.616503 	
3.979592 	 0.631579 	 0.691052 	
3.979592 	 0.684211 	 0.761642 	
3.979592 	 0.736842 	 0.826539 	
3.979592 	 0.789474 	 0.883910 	
3.979592 	 0.842105 	 0.931858 	
3.979592 	 0.894737 	 0.968461 	
3.979592 	 0.947368 	 0.991804 	
3.979592 	 1.000000 	 1.000000 	
4.081633 	 0.000000 	 0.000000 	
4.081633 	 0.052632 	 0.008233 	
4.081633 	 0.105263 	 0.031691 	
4.081633 	 0.157895 	 0.068469 	
4.081633 	 0.210526 	 0.116634 	
4.081633 	 0.263158 	 0.174239 	
4.081633 	 0.315789 	 0.239370 	
4.081633 	 0.368421 	 0.310178 	
4.081633 	 0.421053 	 0.384914 	
4.081633 	 0.473684 	 0.461936 	
4.081633 	 0.526316 	 0.539685 	
4.081633 	 0.578947 	 0.616634 	
4.081633 	 0.631579 	 0.691227 	
4.081633 	 0.684211 	 0.761832 	
4.081633 	 0.736842 	 0.826714 	
4.081633 	 0.789474 	 0.884048 	
4.081633 	 0.842105 	 0.931949 	
4.081633 	 0.894737 	 0.968507 	
4.081633 	 0.947368 	 0.991818 	
4.081633 	 1.000000 	 1.000000 	
4.183673 	 0.000000 	 0.000000 	
4.183673 	 0.052632 	 0.008223 	
4.183673 	 0.105263 	 0.031654 	
4.183673 	 0.157895 	 0.068398 	
4.183673 	 0.210526 	 0.116527 	
4.183673 	 0.263158 	 0.174107 	
4.183673 	 0.315789 	 0.239231 	
4.183673 	 0.368421 	 0.310057 	
4.183673 	 0.421053 	 0.384836 	
4.183673 	 0.473684 	 0.461920 	
4.183673 	 0.526316 	 0.539737 	
4.183673 	 0.578947 	 0.616746 	
4.183673 	 0.631579 	 0.691379 	
4.183673 	 0.684211 	 0.761996 	
4.183673 	 0.736842 	 0.826865 	
4.183673 	 0.789474 	 0.884167 	
4.183673 	 0.842105 	 0.932028 	
4.183673 	 0.894737 	 0.968547 	
4.183673 	 0.947368 	 0.991829 	
4.183673 	 1.000000 	 1.000000 	
4.285715 	 0.000000 	 0.000000 	
4.285715 	 0.052632 	 0.008214 	
4.285715 	 0.105263 	 0.031622 	
4.285715 	 0.157895 	 0.068336 	
4.285715 	 0.210526 	 0.116435 	
4.285715 	 0.263158 	 0.173992 	
4.285715 	 0.315789 	 0.239109 	
4.285715 	 0.368421 	 0.309950 	
4.285715 	 0.421053 	 0.384767 	
4.285715 	 0.473684 	 0.461905 	
4.285715 	 0.526316 	 0.539781 	
4.285715 	 0.578947 	 0.616842 	
4.285715 	 0.631579 	 0.691508 	
4.285715 	 0.684211 	 0.762135 	
4.285715 	 0.736842 	 0.826991 	
4.285715 	 0.789474 	 0.884266 	
4.285715 	 0.842105 	 0.932093 	
4.285715 	 0.894737 	 0.968581 	
4.285715 	 0.947368 	 0.991839 	
4.285715 	 1.000000 	 1.000000 	
4.387755 	 0.000000 	 0.000000 	
4.387755 	 0.052632 	 0.008206 	
4.387755 	 0.105263 	 0.031595 	
4.387755 	 0.157895 	 0.068284 	
4.387755 	 0.210526 	 0.116356 	
4.387755 	 0.263158 	 0.173894 	
4.387755 	 0.315789 	 0.239005 	
4.387755 	 0.368421 	 0.309859 	
4.387755 	 0.421053 	 0.384707 	
4.387755 	 0.473684 	 0.461890 	
4.387755 	 0.526316 	 0.539816 	
4.387755 	 0.578947 	 0.616921 	
4.387755 	 0.631579 	 0.691615 	
4.387755 	 0.684211 	 0.762249 	
4.387755 	 0.736842 	 0.827094 	
4.387755 	 0.789474 	 0.884346 	
4.387755 	 0.842105 	 0.932145 	
4.387755 	 0.894737 	 0.968608 	
4.387755 	 0.947368 	 0.991847 	
4.387755 	 1.000000 	 1.000000 	
4.489796 	 0.000000 	 0.000000 	
4.489796 	 0.052632 	 0.008200 	
4.489796 	 0.105263 	 0.031574 	
4.489796 	 0.157895 	 0.068241 	
4.489796 	 0.210526 	 0.116291 	
4.489796 	 0.263158 	 0.173812 	
4.489796 	 0.315789 	 0.238918 	
4.489796 	 0.368421 	 0.309781 	
4.489796 	 0.421053 	 0.384655 	
4.489796 	 0.473684 	 0.461876 	
4.489796 	 0.526316 	 0.539844 	
4.489796 	 0.578947 	 0.616984 	
4.489796 	 0.631579 	 0.691699 	
4.489796 	 0.684211 	 0.762338 	
4.489796 	 0.736842 	 0.827173 	
4.489796 	 0.789474 	 0.884406 	
4.489796 	 0.842105 	 0.932185 	
4.489796 	 0.894737 	 0.968629 	
4.489796 	 0.947368 	 0.991854 	
4.489796 	 1.000000 	 1.000000 	
4.591837 	 0.000000 	 0.000000 	
4.591837 	 0.052632 	 0.008195 	
4.591837 	 0.105263 	 0.031557 	
4.591837 	 0.157895 	 0.068206 	
4.591837 	 0.210526 	 0.116238 	
4.591837 	 0.263158 	 0.173745 	
4.591837 	 0.315789 	 0.238846 	
4.591837 	 0.368421 	 0.309717 	
4.591837 	 0.421053 	 0.384612 	
4.591837 	 0.473684 	 0.461863 	
4.591837 	 0.526316 	 0.539864 	
4.591837 	 0.578947 	 0.617032 	
4.591837 	 0.631579 	 0.691763 	
4.591837 	 0.684211 	 0.762404 	
4.591837 	 0.736842 	 0.827230 	
4.591837 	 0.789474 	 0.884448 	
4.591837 	 0.842105 	 0.932212 	
4.591837 	 0.894737 	 0.968643 	
4.591837 	 0.947368 	 0.991859 	
4.591837 	 1.000000 	 1.000000 	
4.693878 	 0.000000 	 0.000000 	
4.693878 	 0.052632 	 0.008192 	
4.693878 	 0.105263 	 0.031544 	
4.693878 	 0.157895 	 0.068180 	
4.693878 	 0.210526 	 0.116197 	
4.693878 	 0.263158 	 0.173692 	
4.693878 	 0.315789 	 0.238788 	
4.693878 	 0.368421 	 0.309665 	
4.693878 	 0.421053 	 0.384576 	
4.693878 	 0.473684 	 0.461851 	
4.693878 	 0.526316 	 0.539877 	
4.693878 	 0.578947 	 0.617064 	
4.693878 	 0.631579 	 0.691806 	
4.693878 	 0.684211 	 0.762446 	
4.693878 	 0.736842 	 0.827264 	
4.693878 	 0.789474 	 0.884473 	
4.693878 	 0.842105 	 0.932228 	
4.693878 	 0.894737 	 0.968653 	
4.693878 	 0.947368 	 0.991862 	
4.693878 	 1.000000 	 1.000000 	
4.795918 	 0.000000 	 0.000000 	
4.795918 	 0.052632 	 0.008190 	
4.795918 	 0.105263 	 0.031537 	
4.795918 	 0.157895 	 0.068162 	
4.795918 	 0.210526 	 0.116167 	
4.795918 	 0.263158 	 0.173652 	
4.795918 	 0.315789 	 0.238745 	
4.795918 	 0.368421 	 0.309626 	
4.795918 	 0.421053 	 0.384549 	
4.795918 	 0.473684 	 0.461841 	
4.795918 	 0.526316 	 0.539884 	
4.795918 	 0.578947 	 0.617084 	
4.795918 	 0.631579 	 0.691831 	
4.795918 	 0.684211 	 0.762469 	
4.795918 	 0.736842 	 0.827281 	
4.795918 	 0.789474 	 0.884484 	
4.795918 	 0.842105 	 0.932236 	
4.795918 	 0.894737 	 0.968658 	
4.795918 	 0.947368 	 0.991864 	
4.795918 	 1.000000 	 1.000000 	
4.897959 	 0.000000 	 0.000000 	
4.897959 	 0.052632 	 0.008190 	
4.897959 	 0.105263 	 0.031535 	
4.897959 	 0.157895 	 0.068154 	
4.897959 	 0.210526 	 0.116150 	
4.897959 	 0.263158 	 0.173627 	
4.897959 	 0.315789 	 0.238714 	
4.897959 	 0.368421 	 0.309596 	
4.897959 	 0.421053 	 0.384526 	
4.897959 	 0.473684 	 0.461829 	
4.897959 	 0.526316 	 0.539883 	
4.897959 	 0.578947 	 0.617089 	
4.897959 	 0.631579 	 0.691836 	
4.897959 	 0.684211 	 0.762472 	
4.897959 	 0.736842 	 0.827282 	
4.897959 	 0.789474 	 0.884484 	
4.897959 	 0.842105 	 0.932237 	
4.897959 	 0.894737 	 0.968660 	
4.897959 	 0.947368 	 0.991866 	
4.897959 	 1.000000 	 1.000000 	
5.000000 	 0.000000 	 0.000000 	
5.000000 	 0.052632 	 0.008190 	
5.000000 	 0.105263 	 0.031535 	
5.000000 	 0.157895 	 0.068154 	
5.000000 	 0.210526 	 0.116150 	
5.000000 	 0.263158 	 0.173627 	
5.000000 	 0.315789 	 0.238714 	
5.000000 	 0.368421 	 0.309596 	
5.000000 	 0.421053 	 0.384526 	
5.000000 	 0.473684 	 0.461829 	
5.000000 	 0.526316 	 0.539883 	
5.000000 	 0.578947 	 0.617089 	
5.000000 	 0.631579 	 0.691836 	
5.000000 	 0.684211 	 0.762472 	
5.000000 	 0.736842 	 0.827282 	
5.000000 	 0.789474 	 0.884484 	
5.000000 	 0.842105 	 0.932237 	
5.000000 	 0.894737 	 0.968660 	
5.000000 	 0.947368 	 0.991866 	
5.000000 	 1.000000 	 1.000000 	
